# Pole 111
0	0	0.19216
10	5	0.18416
10	35	0.36988
10	65	0.51192
10	95	0.51673
10	125	0.44113
10	155	0.2568
10	185	0.20628
10	215	0.41424
10	245	0.58206
10	275	0.558
10	305	0.54712
10	335	0.30316
20	5	0.20179
20	35	0.49933
20	65	2.5651
20	95	3.87043
20	125	1.89867
20	155	0.32975
20	185	0.20638
20	216	0.71718
20	245	3.11271
20	275	3.65667
20	305	1.65089
20	335	0.33835
30	5	0.23868
30	35	0.58397
30	65	2.98471
30	95	4.80871
30	125	2.04449
30	155	0.39191
30	185	0.22298
30	215	0.92277
30	245	3.32936
30	275	3.5366
30	305	1.6276
30	335	0.35215
40	5	0.46153
40	35	1.04946
40	65	1.36329
40	95	1.21538
40	125	1.59759
40	155	0.61284
40	185	0.44148
40	216	1.28391
40	245	1.46448
40	275	0.99741
40	305	1.4
40	335	0.82406
50	5	1.04304
50	36	1.17724
50	65	0.33122
50	95	0.18541
50	125	0.57697
50	155	1.04627
50	185	0.90421
50	215	1.07314
50	245	0.35894
50	275	0.22992
50	305	0.56104
50	335	1.16865
60	5	1.76832
60	35	0.59176
60	65	0.2131
60	95	0.23262
60	125	0.31165
60	155	1.04059
60	185	1.87938
60	215	0.70746
60	245	0.20395
60	275	0.23399
60	305	0.33895
60	335	0.74935
70	5	1.37098
70	36	0.21896
70	65	0.46838
70	95	0.49321
70	125	0.34897
70	155	0.36712
70	185	1.36718
70	215	0.27842
70	245	0.42931
70	275	0.5713
70	305	0.36981
70	335	0.34399
80	5	0.93337
80	35	0.33126
80	65	1.25378
80	95	1.33862
80	125	0.81022
80	155	0.31962
80	185	0.90363
80	215	0.30218
80	245	1.35168
80	275	1.39618
80	305	0.87659
80	335	0.34351
90	5	0.93295
90	35	0.33057
90	65	1.52087
90	95	1.50228
90	125	1.11999
90	155	0.30015
90	185	0.88245
90	215	0.32165
90	245	1.47278
90	275	1.45297
90	305	1.17161
90	335	0.28276
# 200
0	0	0.91499
10	5	0.64584
10	35	0.82494
10	65	0.95269
10	95	1.00315
10	125	0.95121
10	155	0.77528
10	185	0.67399
10	215	0.76655
10	245	0.8412
10	275	0.8975
10	305	0.80793
10	335	0.67227
20	5	0.42368
20	35	0.78632
20	65	1.57528
20	95	1.92833
20	125	1.30006
20	155	0.67567
20	185	0.44346
20	216	0.82699
20	245	1.57805
20	275	1.98063
20	305	1.34854
20	335	0.66179
30	5	0.45219
30	35	0.98779
30	65	1.90666
30	95	2.07932
30	125	1.77639
30	155	0.77969
30	185	0.45002
30	215	1.13972
30	245	1.97746
30	275	2.01079
30	305	1.69679
30	335	0.83416
40	5	0.62129
40	35	1.01519
40	65	0.73508
40	95	0.4921
40	125	0.97819
40	155	0.99145
40	185	0.61396
40	216	1.07116
40	245	0.63907
40	275	0.46415
40	305	0.9117
40	335	1.05445
50	5	0.46502
50	36	0.58058
50	65	0.12776
50	95	0.07425
50	125	0.21882
50	155	0.67608
50	185	0.42198
50	215	0.65979
50	245	0.15456
50	275	0.07288
50	305	0.23179
50	335	0.79433
60	5	0.40947
60	35	0.98287
60	65	0.21098
60	95	0.06414
60	125	0.31339
60	155	1.00877
60	185	0.41945
60	215	0.96402
60	245	0.2233
60	275	0.06208
60	305	0.41597
60	335	1.00544
70	5	0.38489
70	36	1.30404
70	65	0.802
70	95	0.16073
70	125	1.15672
70	155	1.17439
70	185	0.34624
70	215	1.29291
70	245	0.77593
70	275	0.15917
70	305	1.49059
70	335	0.89029
80	5	0.26362
80	35	0.69064
80	65	1.43479
80	95	0.4741
80	125	1.52958
80	155	0.57994
80	185	0.24232
80	215	0.72437
80	245	1.48258
80	275	0.46117
80	305	1.51327
80	335	0.49423
90	5	0.23744
90	35	0.42818
90	65	1.43672
90	95	0.83544
90	125	1.09774
90	155	0.34283
90	185	0.2504
90	215	0.44283
90	245	1.34644
90	275	0.84463
90	305	1.14712
90	335	0.33954
# 220
0	0	1.51167
10	5	1.28889
10	35	1.19491
10	65	0.94285
10	95	0.81243
10	125	1.10098
10	155	1.34446
10	185	1.36073
10	215	1.21133
10	245	0.82551
10	275	0.67697
10	305	0.96791
10	335	1.27871
20	5	1.85766
20	35	1.05945
20	65	0.2874
20	95	0.18554
20	125	0.51105
20	155	1.38101
20	185	1.6775
20	216	0.87901
20	245	0.24258
20	275	0.18828
20	305	0.42059
20	335	1.40467
30	5	2.19072
30	35	1.02511
30	65	0.28319
30	95	0.15282
30	125	0.37512
30	155	1.33971
30	185	2.04885
30	215	0.94226
30	245	0.27678
30	275	0.152
30	305	0.44947
30	335	1.52878
40	5	0.98841
40	35	0.79238
40	65	0.35482
40	95	0.27011
40	125	0.44509
40	155	1.04619
40	185	1.18915
40	216	0.86759
40	245	0.34798
40	275	0.23944
40	305	0.40119
40	335	1.05238
50	5	0.29986
50	36	0.55903
50	65	0.4473
50	95	0.67337
50	125	0.38382
50	155	0.44651
50	185	0.30653
50	215	0.52674
50	245	0.55339
50	275	0.78298
50	305	0.36793
50	335	0.51248
60	5	0.25924
60	35	0.60564
60	65	1.12736
60	95	2.30092
60	125	0.75273
60	155	0.48223
60	185	0.25533
60	215	0.63536
60	245	1.14339
60	275	2.20925
60	305	0.87439
60	335	0.5268
70	5	0.39571
70	36	0.80587
70	65	0.88626
70	95	1.4218
70	125	0.81019
70	155	0.67141
70	185	0.35584
70	215	0.77478
70	245	0.80335
70	275	1.23231
70	305	0.78922
70	335	0.69658
80	5	0.94499
80	35	0.79884
80	65	0.20905
80	95	0.28104
80	125	0.33198
80	155	0.88958
80	185	0.77447
80	215	0.73221
80	245	0.22595
80	275	0.35009
80	305	0.28725
80	335	0.91424
90	5	1.40549
90	35	0.76154
90	65	0.11904
90	95	0.20727
90	125	0.17855
90	155	1.02953
90	185	1.68121
90	215	0.76011
90	245	0.1129
90	275	0.24944
90	305	0.17244
90	335	1.03788
# 311
0	0	1.64257
10	5	1.0667
10	35	1.03336
10	65	0.98209
10	95	0.89281
10	125	1.04986
10	155	1.16023
10	185	1.14018
10	215	1.05113
10	245	0.90938
10	275	0.90333
10	305	0.98148
10	335	1.07072
20	5	0.81217
20	35	0.64581
20	65	0.55034
20	95	0.58731
20	125	0.58151
20	155	0.70066
20	185	0.78836
20	216	0.65802
20	245	0.59451
20	275	0.57557
20	305	0.56893
20	335	0.73822
30	5	0.77942
30	35	0.79859
30	65	0.97917
30	95	0.94598
30	125	0.93241
30	155	0.73338
30	185	0.78128
30	215	0.85787
30	245	0.93773
30	275	0.88004
30	305	0.99776
30	335	0.8059
40	5	0.73171
40	35	0.85485
40	65	0.82977
40	95	0.64202
40	125	1.02273
40	155	0.78564
40	185	0.77033
40	216	1.00635
40	245	0.80644
40	275	0.572
40	305	0.96148
40	335	0.83359
50	5	0.6981
50	36	0.47713
50	65	0.74411
50	95	0.51307
50	125	0.76128
50	155	0.49741
50	185	0.60488
50	215	0.52995
50	245	0.81248
50	275	0.49524
50	305	0.71089
50	335	0.49828
60	5	0.72948
60	35	0.49874
60	65	0.71111
60	95	0.47447
60	125	0.67358
60	155	0.56505
60	185	0.76671
60	215	0.48662
60	245	0.69531
60	275	0.49726
60	305	0.6593
60	335	0.61705
70	5	0.55509
70	36	0.72184
70	65	0.6067
70	95	0.32053
70	125	0.6807
70	155	0.68829
70	185	0.61214
70	215	0.71468
70	245	0.59343
70	275	0.35821
70	305	0.70377
70	335	0.72547
80	5	0.48646
80	35	0.87613
80	65	0.81635
80	95	0.58439
80	125	0.88329
80	155	0.68661
80	185	0.51405
80	215	0.77455
80	245	0.75752
80	275	0.66969
80	305	0.86397
80	335	0.77579
90	5	0.54272
90	35	0.95453
90	65	0.83921
90	95	1.18366
90	125	0.75953
90	155	0.89496
90	185	0.50895
90	215	0.94276
90	245	0.83816
90	275	1.18124
90	305	0.77214
90	335	0.86156
